15 16 17 18 22 12 18 15 8 19 4 2 0 13 18 13 8 17 7 9 22 14 15 7 fitness: 4
22 11 12 21 22 9 17 6 19 15 18 9 5 10 10 15 19 23 13 11 6 12 16 4 fitness: 2
18 21 6 1 15 1 6 19 11 14 13 13 11 16 9 9 22 1 15 15 17 8 17 6 fitness: 3
17 18 21 22 5 19 15 3 1 6 21 22 19 5 0 14 1 19 11 1 22 11 13 10 fitness: 4
9 10 11 12 3 7 15 19 8 19 22 3 22 15 10 16 10 1 20 8 13 20 20 19 fitness: 4
18 22 11 3 5 14 1 19 6 21 3 13 13 6 16 22 16 20 3 13 22 21 10 4 fitness: 3
16 17 18 14 1 1 19 16 17 8 18 1 7 21 11 2 20 8 21 20 2 17 11 0 fitness: 2
18 9 10 13 8 22 14 22 9 5 18 17 4 4 15 19 8 22 10 2 15 20 12 12 fitness: 3
10 3 20 21 6 19 6 7 13 15 9 16 6 0 5 11 20 3 9 18 2 12 19 3 fitness: 4
6 1 13 0 17 13 5 7 2 9 23 14 5 8 22 11 5 1 10 14 13 6 21 7 fitness: 3
20 7 16 17 16 0 12 13 12 7 6 6 16 8 16 11 14 9 13 19 9 3 7 10 fitness: 3
18 21 6 7 21 3 17 3 5 4 19 18 9 13 3 17 13 22 19 1 2 14 2 10 fitness: 3
19 8 9 14 11 14 17 10 13 5 5 22 2 1 18 10 20 16 18 22 4 3 10 17 fitness: 3
16 17 18 1 14 6 11 14 9 18 23 18 8 13 9 18 11 5 2 4 13 18 2 18 fitness: 3
17 18 1 13 5 6 14 9 12 9 10 21 21 16 12 8 19 14 16 4 20 3 3 19 fitness: 3
6 1 22 10 17 6 12 18 11 7 3 11 7 1 3 3 8 11 7 10 11 3 0 12 fitness: 3
10 11 3 4 8 15 15 15 0 7 2 20 11 10 21 3 21 9 22 11 22 12 12 19 fitness: 3
7 2 21 8 5 9 14 10 10 13 20 11 11 11 1 12 11 18 10 22 9 15 20 15 fitness: 2
5 0 1 22 5 8 6 16 6 19 19 6 22 9 21 18 9 3 17 19 12 1 15 12 fitness: 4
6 1 22 10 15 12 9 11 4 4 6 8 1 14 3 6 13 2 15 6 8 7 21 12 fitness: 3
1 22 10 11 17 16 18 11 1 14 22 10 22 16 7 15 15 6 15 1 16 20 10 9 fitness: 3
21 22 9 10 10 9 14 13 9 11 16 23 13 22 2 12 22 19 18 20 5 1 15 15 fitness: 3
7 16 11 3 21 1 0 13 2 21 9 4 2 3 9 10 5 10 4 22 19 22 14 13 fitness: 3
17 18 1 14 10 21 9 16 7 19 13 21 5 11 3 18 10 21 18 13 23 14 14 11 fitness: 2
6 17 10 10 9 3 12 6 15 14 12 7 22 23 6 14 3 19 11 6 11 1 13 5 fitness: 2
16 4 5 4 7 7 3 21 7 14 7 13 17 22 18 5 18 4 7 13 10 15 3 1 fitness: 2
14 15 12 2 1 0 5 11 5 16 14 6 6 3 20 23 9 7 20 22 4 20 21 3 fitness: 2
12 13 14 13 19 1 3 5 2 23 13 11 18 12 4 22 9 5 6 22 23 20 11 14 fitness: 3
18 22 11 12 22 8 7 22 8 10 22 9 23 19 1 13 19 2 16 20 22 15 11 7 fitness: 3
14 15 0 10 10 3 5 8 19 15 5 17 20 14 22 23 0 4 14 2 9 15 11 15 fitness: 2
6 7 16 11 16 16 1 11 2 1 6 16 12 3 3 12 2 4 15 17 11 17 20 19 fitness: 3
5 0 13 14 0 3 0 2 8 11 21 0 20 15 7 0 19 19 8 19 20 21 17 19 fitness: 4
20 7 2 13 22 15 5 5 13 16 7 7 10 13 16 20 7 16 9 20 22 19 18 3 fitness: 3
7 16 4 19 15 14 21 20 20 21 20 16 17 12 16 19 15 1 11 13 7 3 6 21 fitness: 3
13 14 0 23 4 20 22 1 19 8 9 14 6 6 22 5 12 13 19 12 18 22 8 11 fitness: 4
13 14 15 0 5 6 19 10 21 10 0 7 21 7 2 10 7 21 17 19 2 11 0 3 fitness: 3
4 5 6 5 15 21 7 21 7 14 8 16 20 22 10 16 6 6 3 8 11 21 7 13 fitness: 2
19 20 7 2 19 18 0 5 16 10 9 11 6 10 11 17 1 22 5 7 3 22 2 13 fitness: 3
7 8 23 4 22 1 15 19 13 1 8 21 9 14 16 20 23 10 11 10 13 22 16 20 fitness: 3
18 9 10 11 17 10 20 17 15 14 20 8 18 4 14 14 1 7 7 2 17 3 8 16 fitness: 3
14 0 23 4 6 15 20 22 5 15 10 21 1 2 22 7 22 8 17 23 16 8 5 14 fitness: 3
20 7 8 9 3 22 19 3 16 6 14 14 19 2 10 3 14 3 2 22 10 11 0 5 fitness: 3
10 13 14 0 1 12 4 8 1 8 9 5 7 14 9 17 14 12 15 18 18 11 10 6 fitness: 4
2 21 22 23 11 13 11 18 1 2 9 10 7 14 3 4 9 17 11 3 14 5 10 16 fitness: 3
0 1 2 21 3 8 15 5 7 6 10 13 13 0 5 2 5 21 19 11 5 3 10 16 fitness: 3
6 1 22 9 9 3 14 17 5 0 2 3 8 16 5 1 18 7 14 12 12 3 5 10 fitness: 3
19 8 15 12 22 19 19 9 12 11 4 12 20 20 13 18 22 7 16 22 2 15 11 17 fitness: 3
10 3 20 7 17 20 19 14 6 6 20 1 22 0 8 3 10 11 4 22 4 13 11 14 fitness: 3
16 17 18 19 0 5 22 19 22 21 0 22 8 17 10 3 12 5 6 6 11 7 0 4 fitness: 3
4 5 0 1 1 10 5 18 12 1 1 21 12 4 21 1 16 18 16 7 13 3 7 15 fitness: 3
22 9 14 0 2 11 8 21 1 14 20 0 6 14 23 4 3 19 9 11 19 22 23 6 fitness: 3
16 17 18 19 18 4 16 19 3 15 4 21 10 14 15 19 11 5 11 2 13 22 21 21 fitness: 3
6 21 22 5 19 20 3 12 3 4 4 4 15 19 21 7 5 21 4 15 6 15 16 17 fitness: 3
18 22 5 6 8 8 4 11 20 13 18 5 18 4 16 20 22 22 19 11 14 14 12 18 fitness: 3
10 13 14 13 6 6 1 11 5 2 13 22 6 19 23 16 2 9 6 21 16 10 6 19 fitness: 3
6 7 8 15 19 23 13 2 22 13 8 4 15 13 16 3 16 8 14 19 12 15 21 20 fitness: 3
4 5 18 3 3 9 10 4 4 17 8 21 6 10 20 19 11 12 23 15 12 19 13 2 fitness: 3
16 4 19 20 7 2 17 8 7 18 2 1 12 6 4 10 0 6 16 19 15 17 11 3 fitness: 5
2 21 22 5 7 20 21 1 15 19 18 14 17 6 5 17 5 18 2 0 16 1 13 19 fitness: 3
17 18 3 20 19 9 2 7 7 0 23 19 15 1 0 7 13 21 6 6 12 3 12 3 fitness: 3
15 16 17 18 2 6 11 17 8 2 8 2 13 1 2 9 8 2 21 19 18 6 13 11 fitness: 4
6 1 2 21 22 14 18 21 11 2 14 8 19 14 6 11 10 16 4 22 22 19 17 13 fitness: 4
21 6 7 16 21 22 3 8 9 12 11 22 22 18 11 4 12 23 8 19 0 10 14 3 fitness: 3
7 16 4 19 6 16 9 7 8 2 4 19 8 6 10 12 3 5 16 1 16 18 5 15 fitness: 3
22 9 10 13 1 2 1 23 12 9 2 17 18 6 21 18 10 19 13 6 3 8 1 18 fitness: 3
4 5 6 1 7 16 14 20 11 19 16 4 12 20 5 7 10 14 8 12 22 2 1 16 fitness: 3
9 14 13 14 11 3 19 18 1 20 15 22 9 9 2 6 6 7 19 14 2 20 12 8 fitness: 3
14 0 13 0 13 18 10 6 23 21 12 22 9 1 1 14 15 5 3 5 13 5 22 22 fitness: 3
7 8 15 12 1 10 22 9 13 10 13 15 8 7 0 18 10 9 22 9 4 17 14 15 fitness: 3
2 13 14 13 4 13 4 12 4 6 7 14 12 12 6 0 12 0 22 9 13 15 1 3 fitness: 3
18 21 6 23 1 16 21 17 1 6 13 13 11 21 4 17 18 12 1 18 19 4 11 12 fitness: 3
4 5 18 22 3 18 17 8 13 3 18 17 13 12 1 10 14 2 14 18 8 15 11 16 fitness: 3
6 1 13 14 22 10 6 21 3 8 3 13 3 15 1 13 20 23 14 21 23 0 8 17 fitness: 3
6 7 23 16 13 15 21 1 2 20 18 13 7 9 18 9 6 7 13 13 20 20 19 17 fitness: 2
8 9 14 5 9 18 10 7 9 18 9 17 2 15 10 5 10 20 10 10 16 5 13 21 fitness: 2
4 5 18 19 16 20 4 1 12 19 19 22 12 21 8 11 20 4 15 13 12 19 15 0 fitness: 3
17 18 22 9 1 10 21 11 23 22 12 14 1 21 3 23 19 10 13 20 4 5 8 18 fitness: 3
6 21 22 11 12 14 2 4 10 22 2 7 17 15 4 22 13 21 22 8 2 12 21 3 fitness: 4
6 17 10 13 23 10 20 5 3 21 22 3 3 3 9 8 14 19 22 2 8 21 7 8 fitness: 3
21 6 1 2 5 20 2 20 10 13 8 22 14 9 10 13 15 2 10 2 19 12 12 1 fitness: 3
18 3 4 5 6 6 4 11 21 17 22 10 8 23 14 7 19 3 20 14 5 0 0 3 fitness: 4
15 0 1 13 7 21 7 8 18 14 5 22 11 2 6 21 16 22 3 9 12 14 19 1 fitness: 3
18 21 6 17 19 4 21 10 9 3 17 22 15 18 6 15 8 9 1 10 19 14 16 13 fitness: 3
5 0 13 11 8 11 8 19 13 8 1 17 7 6 22 9 6 10 11 17 6 17 11 20 fitness: 2
5 18 2 21 3 11 22 4 17 20 11 8 16 19 16 22 9 14 3 12 20 6 17 12 fitness: 3
7 8 9 10 7 9 13 2 5 8 0 20 8 15 12 4 5 1 19 5 2 14 5 8 fitness: 3
17 18 1 2 22 20 2 21 2 13 7 19 18 9 16 6 8 18 8 16 22 21 4 22 fitness: 3
17 18 21 6 8 22 17 11 3 14 14 21 6 4 5 18 23 16 7 17 2 4 15 21 fitness: 3
1 13 0 23 5 5 6 2 4 10 10 4 22 19 3 16 20 5 7 6 17 12 3 5 fitness: 3
19 20 7 8 17 10 2 15 6 9 11 18 21 7 15 2 18 18 6 4 1 8 10 14 fitness: 3
1 2 21 22 22 4 7 16 5 12 4 21 15 11 14 19 8 7 7 5 17 9 17 1 fitness: 3
16 17 18 1 7 23 11 17 7 20 20 2 18 23 23 4 12 19 22 1 14 8 18 19 fitness: 3
20 7 2 3 13 2 23 4 21 1 9 10 11 13 8 12 4 17 17 1 15 15 5 13 fitness: 3
9 14 15 0 16 13 23 14 1 5 20 17 14 10 13 10 19 10 2 21 20 18 17 1 fitness: 3
13 14 13 13 15 15 10 8 16 21 1 12 7 17 1 18 13 6 2 4 22 10 8 15 fitness: 2
7 23 4 3 12 18 18 10 6 11 8 15 3 12 17 15 11 18 2 11 14 2 1 14 fitness: 2
6 7 8 9 6 14 17 0 0 6 15 7 16 8 22 12 19 5 4 3 16 16 13 16 fitness: 3
19 20 7 16 13 7 11 0 9 10 4 2 7 18 21 4 8 20 1 12 21 15 5 20 fitness: 3
18 22 23 19 14 0 3 0 11 14 9 3 7 0 11 22 1 17 3 1 12 8 13 9 fitness: 3
18 1 22 11 3 11 11 15 16 7 19 9 17 14 15 8 7 21 8 15 20 1 16 4 fitness: 4
Total Average Fitness: 0.13617